0.624
0.6100224000000001
0.618527185895424
0.6134733961296502
0.6165218497640891
0.6146989121716432
0.6157948148212684
0.6151380582373213
0.615532391617882
0.6152958928663361
0.6154378284292014
0.6153526801956307
0.6154037738463798
0.6153731193532355
0.6153915126598306
0.615380476895798
0.6153870984333755
0.6153831255393291
0.6153855092860161
0.6153840790416975
0.6153849371896183
0.6153844223013444
0.6153847312344811
0.6153845458746611
0.6153846570905754
0.6153845903610349
0.615384630398762
0.6153846063761268
0.6153846207897083
0.6153846121415596
0.6153846173304488
0.6153846142171153
0.6153846160851154
0.6153846149643154
0.6153846156367954
0.6153846152333075
0.6153846154754001
0.6153846153301445
0.6153846154172979
0.6153846153650059
0.6153846153963811
0.615384615377556
0.615384615388851
0.615384615382074
0.6153846153861402
0.6153846153837005
0.6153846153851643
0.615384615384286
0.615384615384813
0.6153846153844968
0.6153846153846866
0.6153846153845727
0.6153846153846411
0.6153846153846
0.6153846153846246
0.6153846153846099
0.6153846153846187
0.6153846153846134
0.6153846153846166
0.6153846153846146
0.6153846153846159
0.6153846153846151
0.6153846153846155
0.6153846153846153
0.6153846153846154
0.6153846153846154
0.6153846153846154
0.6153846153846154
0.6153846153846154
0.6153846153846154
0.6153846153846154
0.6153846153846154
0.6153846153846154
0.6153846153846154
0.6153846153846154
0.6153846153846154
0.6153846153846154
0.6153846153846154
0.6153846153846154
0.6153846153846154
0.6153846153846154
0.6153846153846154
0.6153846153846154
0.6153846153846154
0.6153846153846154
0.6153846153846154
0.6153846153846154
0.6153846153846154
0.6153846153846154
0.6153846153846154
0.6153846153846154
0.6153846153846154
0.6153846153846154
0.6153846153846154
0.6153846153846154
0.6153846153846154
0.6153846153846154
0.6153846153846154
0.6153846153846154
0.6153846153846154
0.6153846153846154
0.6153846153846154
0.6153846153846154
0.6153846153846154
0.6153846153846154
0.6153846153846154
0.6153846153846154
0.6153846153846154
0.6153846153846154
0.6153846153846154
0.6153846153846154
0.6153846153846154
0.6153846153846154
0.6153846153846154
0.6153846153846154
0.6153846153846154
0.6153846153846154
0.6153846153846154
0.6153846153846154
0.6153846153846154
0.6153846153846154
0.6153846153846154
0.6153846153846154
0.6153846153846154
0.6153846153846154
0.6153846153846154
0.6153846153846154
0.6153846153846154
0.6153846153846154
0.6153846153846154
0.6153846153846154
0.6153846153846154
0.6153846153846154
0.6153846153846154
0.6153846153846154
0.6153846153846154
0.6153846153846154
0.6153846153846154
0.6153846153846154
0.6153846153846154
0.6153846153846154
0.6153846153846154
0.6153846153846154
0.6153846153846154
0.6153846153846154
0.6153846153846154
0.6153846153846154
0.6153846153846154
0.6153846153846154
0.6153846153846154
0.6153846153846154
0.6153846153846154
0.6153846153846154
0.6153846153846154
0.6153846153846154
0.6153846153846154
0.6153846153846154
0.6153846153846154
0.6153846153846154
0.6153846153846154
0.6153846153846154
0.6153846153846154
0.6153846153846154
0.6153846153846154
0.6153846153846154
0.6153846153846154
0.6153846153846154
0.6153846153846154
0.6153846153846154
0.6153846153846154
0.6153846153846154
0.6153846153846154
0.6153846153846154
0.6153846153846154
0.6153846153846154
0.6153846153846154
0.6153846153846154
0.6153846153846154
0.6153846153846154
0.6153846153846154
0.6153846153846154
0.6153846153846154
0.6153846153846154
0.6153846153846154
0.6153846153846154
0.6153846153846154
0.6153846153846154
0.6153846153846154
0.6153846153846154
0.6153846153846154
0.6153846153846154
0.6153846153846154
0.6153846153846154
0.6153846153846154
0.6153846153846154
0.6153846153846154
0.6153846153846154
0.6153846153846154
0.6153846153846154
0.6153846153846154