<TICKER>,<PER>,<DATE>,<TIME>,<CLOSE>
ROSN,60,20210104,110000,438.2500000
ROSN,60,20210104,120000,436.6000000
ROSN,60,20210104,130000,436.7500000
ROSN,60,20210104,140000,436.8500000
ROSN,60,20210104,150000,436.9000000
ROSN,60,20210104,160000,436.0500000
ROSN,60,20210104,170000,437.7500000
ROSN,60,20210104,180000,441.7500000
ROSN,60,20210104,190000,442.0500000
ROSN,60,20210104,200000,438.9500000
ROSN,60,20210104,210000,436.8000000
ROSN,60,20210104,220000,437.2000000
ROSN,60,20210104,230000,436.4500000
ROSN,60,20210105,000000,436.0000000
ROSN,60,20210105,110000,434.7500000
ROSN,60,20210105,120000,436.9000000
ROSN,60,20210105,130000,437.3500000
ROSN,60,20210105,140000,437.3500000
ROSN,60,20210105,150000,436.6000000
ROSN,60,20210105,160000,437.9500000
ROSN,60,20210105,170000,438.7500000
ROSN,60,20210105,180000,442.6500000
ROSN,60,20210105,190000,445.6000000
ROSN,60,20210105,200000,446.0000000
ROSN,60,20210105,210000,446.3500000
ROSN,60,20210105,220000,449.0000000
ROSN,60,20210105,230000,448.3500000
ROSN,60,20210106,000000,449.3500000
ROSN,60,20210106,110000,448.0000000
ROSN,60,20210106,120000,445.6000000
ROSN,60,20210106,130000,446.3000000
ROSN,60,20210106,140000,449.1000000
ROSN,60,20210106,150000,449.7500000
ROSN,60,20210106,160000,446.1000000
ROSN,60,20210106,170000,449.5500000
ROSN,60,20210106,180000,450.4000000
ROSN,60,20210106,190000,454.1500000
ROSN,60,20210106,200000,452.5000000
ROSN,60,20210106,210000,452.6500000
ROSN,60,20210106,220000,453.2500000
ROSN,60,20210106,230000,451.1500000
ROSN,60,20210107,000000,453.7000000
ROSN,60,20210108,110000,471.1000000
ROSN,60,20210108,120000,470.9000000
ROSN,60,20210108,130000,469.9000000
ROSN,60,20210108,140000,472.4000000
ROSN,60,20210108,150000,473.3500000
ROSN,60,20210108,160000,474.6500000
ROSN,60,20210108,170000,479.1500000
ROSN,60,20210108,180000,478.1500000
ROSN,60,20210108,190000,474.5500000
ROSN,60,20210108,200000,475.7500000
ROSN,60,20210108,210000,475.0500000
ROSN,60,20210108,220000,475.6000000
ROSN,60,20210108,230000,476.8500000
ROSN,60,20210109,000000,478.2000000
ROSN,60,20210111,110000,471.3000000
ROSN,60,20210111,120000,477.4500000
ROSN,60,20210111,130000,476.2500000
ROSN,60,20210111,140000,474.2000000
ROSN,60,20210111,150000,474.0500000
ROSN,60,20210111,160000,474.5500000
ROSN,60,20210111,170000,471.4000000
ROSN,60,20210111,180000,472.9000000
ROSN,60,20210111,190000,473.0000000
ROSN,60,20210111,200000,474.4000000
ROSN,60,20210111,210000,474.4500000
ROSN,60,20210111,220000,473.7500000
ROSN,60,20210111,230000,473.5500000
ROSN,60,20210112,000000,473.2500000
ROSN,60,20210112,110000,476.1500000
ROSN,60,20210112,120000,473.2500000
ROSN,60,20210112,130000,476.6000000
ROSN,60,20210112,140000,476.8000000
ROSN,60,20210112,150000,475.5500000
ROSN,60,20210112,160000,474.3500000
ROSN,60,20210112,170000,471.6000000
ROSN,60,20210112,180000,472.5000000
ROSN,60,20210112,190000,475.0000000
ROSN,60,20210112,200000,474.0000000
ROSN,60,20210112,210000,472.9000000
ROSN,60,20210112,220000,472.4500000
ROSN,60,20210112,230000,473.3500000
ROSN,60,20210113,000000,474.4000000
ROSN,60,20210113,110000,477.6000000
ROSN,60,20210113,120000,481.6000000
ROSN,60,20210113,130000,485.0000000
ROSN,60,20210113,140000,484.2500000
ROSN,60,20210113,150000,488.8500000
ROSN,60,20210113,160000,486.9500000
ROSN,60,20210113,170000,489.4000000
ROSN,60,20210113,180000,484.4000000
ROSN,60,20210113,190000,488.0500000
ROSN,60,20210113,200000,485.7500000
ROSN,60,20210113,210000,486.5500000
ROSN,60,20210113,220000,487.1000000
ROSN,60,20210113,230000,487.6000000
ROSN,60,20210114,000000,485.9500000
ROSN,60,20210114,110000,493.0000000
ROSN,60,20210114,120000,494.2000000
ROSN,60,20210114,130000,494.5500000
ROSN,60,20210114,140000,497.4000000
ROSN,60,20210114,150000,497.9500000
ROSN,60,20210114,160000,501.6000000
ROSN,60,20210114,170000,500.4500000
ROSN,60,20210114,180000,503.7000000
ROSN,60,20210114,190000,504.0000000
ROSN,60,20210114,200000,504.1500000
ROSN,60,20210114,210000,504.5000000
ROSN,60,20210114,220000,504.6000000
ROSN,60,20210114,230000,504.2500000
ROSN,60,20210115,000000,505.0000000
ROSN,60,20210115,110000,500.2000000
ROSN,60,20210115,120000,498.7000000
ROSN,60,20210115,130000,504.3500000
ROSN,60,20210115,140000,503.9500000
ROSN,60,20210115,150000,506.1000000
ROSN,60,20210115,160000,506.7000000
ROSN,60,20210115,170000,510.3500000
ROSN,60,20210115,180000,515.0000000
ROSN,60,20210115,190000,514.3000000
ROSN,60,20210115,200000,510.3500000
ROSN,60,20210115,210000,511.0500000
ROSN,60,20210115,220000,513.6500000
ROSN,60,20210115,230000,511.8500000
ROSN,60,20210116,000000,512.2000000
ROSN,60,20210118,110000,506.8500000
ROSN,60,20210118,120000,511.2500000
ROSN,60,20210118,130000,513.2500000
ROSN,60,20210118,140000,514.8500000
ROSN,60,20210118,150000,516.4000000
ROSN,60,20210118,160000,515.0500000
ROSN,60,20210118,170000,514.3500000
ROSN,60,20210118,180000,516.9000000
ROSN,60,20210118,190000,518.8000000
ROSN,60,20210118,200000,517.2000000
ROSN,60,20210118,210000,516.1500000
ROSN,60,20210118,220000,516.3000000
ROSN,60,20210118,230000,516.3500000
ROSN,60,20210119,000000,516.5000000
ROSN,60,20210119,110000,520.6000000
ROSN,60,20210119,120000,515.1000000
ROSN,60,20210119,130000,513.6000000
ROSN,60,20210119,140000,512.1000000
ROSN,60,20210119,150000,510.5500000
ROSN,60,20210119,160000,510.1000000
ROSN,60,20210119,170000,507.6500000
ROSN,60,20210119,180000,508.6000000
ROSN,60,20210119,190000,510.6500000
ROSN,60,20210119,200000,509.4000000
ROSN,60,20210119,210000,509.7500000
ROSN,60,20210119,220000,509.3000000
ROSN,60,20210119,230000,509.9000000
ROSN,60,20210120,000000,510.7000000
ROSN,60,20210120,110000,513.2000000
ROSN,60,20210120,120000,513.8500000
ROSN,60,20210120,130000,509.0500000
ROSN,60,20210120,140000,511.3000000
ROSN,60,20210120,150000,509.6000000
ROSN,60,20210120,160000,509.3000000
ROSN,60,20210120,170000,510.2000000
ROSN,60,20210120,180000,508.8500000
ROSN,60,20210120,190000,508.9000000
ROSN,60,20210120,200000,508.8000000
ROSN,60,20210120,210000,508.4000000
ROSN,60,20210120,220000,508.5500000
ROSN,60,20210120,230000,509.8000000
ROSN,60,20210121,000000,510.6500000
ROSN,60,20210121,110000,508.6000000
ROSN,60,20210121,120000,501.6500000
ROSN,60,20210121,130000,500.7500000
ROSN,60,20210121,140000,500.6000000
ROSN,60,20210121,150000,499.6500000
ROSN,60,20210121,160000,499.0000000
ROSN,60,20210121,170000,499.0000000
ROSN,60,20210121,180000,497.4000000
ROSN,60,20210121,190000,499.3000000
ROSN,60,20210121,200000,496.7500000
ROSN,60,20210121,210000,497.2500000
ROSN,60,20210121,220000,497.2500000
ROSN,60,20210121,230000,498.5000000
ROSN,60,20210122,000000,498.0000000
ROSN,60,20210122,110000,491.6000000
ROSN,60,20210122,120000,487.1500000
ROSN,60,20210122,130000,489.4000000
ROSN,60,20210122,140000,488.0500000
ROSN,60,20210122,150000,491.1500000
ROSN,60,20210122,160000,490.1000000
ROSN,60,20210122,170000,490.2000000
ROSN,60,20210122,180000,491.4000000
ROSN,60,20210122,190000,491.1500000
ROSN,60,20210122,200000,492.4000000
ROSN,60,20210122,210000,492.8500000
ROSN,60,20210122,220000,494.2000000
ROSN,60,20210122,230000,494.5000000
ROSN,60,20210123,000000,494.2500000
ROSN,60,20210125,110000,498.4500000
ROSN,60,20210125,120000,497.8000000
ROSN,60,20210125,130000,496.9000000
ROSN,60,20210125,140000,498.8000000
ROSN,60,20210125,150000,492.6500000
ROSN,60,20210125,160000,493.8500000
ROSN,60,20210125,170000,491.1500000
ROSN,60,20210125,180000,491.7000000
ROSN,60,20210125,190000,495.8000000
ROSN,60,20210125,200000,492.9500000
ROSN,60,20210125,210000,493.7500000
ROSN,60,20210125,220000,494.6000000
ROSN,60,20210125,230000,494.8500000
ROSN,60,20210126,000000,495.6000000
ROSN,60,20210126,110000,489.3000000
ROSN,60,20210126,120000,493.9500000
ROSN,60,20210126,130000,496.3500000
ROSN,60,20210126,140000,495.5000000
ROSN,60,20210126,150000,495.3000000
ROSN,60,20210126,160000,495.4500000
ROSN,60,20210126,170000,494.5000000
ROSN,60,20210126,180000,491.8500000
ROSN,60,20210126,190000,493.9500000
ROSN,60,20210126,200000,493.4500000
ROSN,60,20210126,210000,493.4000000
ROSN,60,20210126,220000,493.6000000
ROSN,60,20210126,230000,493.6000000
ROSN,60,20210127,000000,493.9500000
ROSN,60,20210127,110000,494.4500000
ROSN,60,20210127,120000,492.1000000
ROSN,60,20210127,130000,491.9500000
ROSN,60,20210127,140000,490.9500000
ROSN,60,20210127,150000,488.4000000
ROSN,60,20210127,160000,485.8000000
ROSN,60,20210127,170000,485.4000000
ROSN,60,20210127,180000,482.2000000
ROSN,60,20210127,190000,482.2000000
ROSN,60,20210127,200000,482.6000000
ROSN,60,20210127,210000,483.8000000
ROSN,60,20210127,220000,483.8500000
ROSN,60,20210127,230000,482.0500000
ROSN,60,20210128,000000,481.2500000
ROSN,60,20210128,110000,478.2000000
ROSN,60,20210128,120000,476.6500000
ROSN,60,20210128,130000,478.1000000
ROSN,60,20210128,140000,478.4000000
ROSN,60,20210128,150000,480.9000000
ROSN,60,20210128,160000,482.9500000
ROSN,60,20210128,170000,483.5500000
ROSN,60,20210128,180000,482.1000000
ROSN,60,20210128,190000,481.8500000
ROSN,60,20210128,200000,481.3500000
ROSN,60,20210128,210000,482.0500000
ROSN,60,20210128,220000,484.1000000
ROSN,60,20210128,230000,483.6500000
ROSN,60,20210129,000000,483.4000000
ROSN,60,20210129,110000,477.9000000
ROSN,60,20210129,120000,478.8500000
ROSN,60,20210129,130000,477.4500000
ROSN,60,20210129,140000,478.3000000
ROSN,60,20210129,150000,479.2500000
ROSN,60,20210129,160000,477.1500000
ROSN,60,20210129,170000,476.9000000
ROSN,60,20210129,180000,475.9000000
ROSN,60,20210129,190000,475.2000000
ROSN,60,20210129,200000,472.4000000
ROSN,60,20210129,210000,473.2500000
ROSN,60,20210129,220000,472.9500000
ROSN,60,20210129,230000,472.9500000
ROSN,60,20210130,000000,473.0000000
ROSN,60,20210201,110000,475.9000000
ROSN,60,20210201,120000,474.6500000
ROSN,60,20210201,130000,473.3000000
ROSN,60,20210201,140000,469.7500000
ROSN,60,20210201,150000,471.8500000
ROSN,60,20210201,160000,474.9500000
ROSN,60,20210201,170000,474.8000000
ROSN,60,20210201,180000,474.3000000
ROSN,60,20210201,190000,473.6000000
ROSN,60,20210201,200000,475.2500000
ROSN,60,20210201,210000,475.4000000
ROSN,60,20210201,220000,476.5500000
ROSN,60,20210201,230000,477.6500000
ROSN,60,20210202,000000,478.3500000
ROSN,60,20210202,110000,485.1500000
ROSN,60,20210202,120000,481.2500000
ROSN,60,20210202,130000,482.9000000
ROSN,60,20210202,140000,483.4000000
ROSN,60,20210202,150000,482.3500000
ROSN,60,20210202,160000,485.0000000
ROSN,60,20210202,170000,484.2000000
ROSN,60,20210202,180000,486.3000000
ROSN,60,20210202,190000,485.9000000
ROSN,60,20210202,200000,486.0000000
ROSN,60,20210202,210000,484.8500000
ROSN,60,20210202,220000,484.5000000
ROSN,60,20210202,230000,481.5000000
ROSN,60,20210203,000000,482.0000000
ROSN,60,20210203,110000,487.3000000
ROSN,60,20210203,120000,488.4000000
ROSN,60,20210203,130000,487.6500000
ROSN,60,20210203,140000,486.5000000
ROSN,60,20210203,150000,486.8500000
ROSN,60,20210203,160000,488.7000000
ROSN,60,20210203,170000,488.5000000
ROSN,60,20210203,180000,488.1500000
ROSN,60,20210203,190000,488.1500000
ROSN,60,20210203,200000,491.4500000
ROSN,60,20210203,210000,489.5500000
ROSN,60,20210203,220000,490.2000000
ROSN,60,20210203,230000,489.8000000
ROSN,60,20210204,000000,489.9500000
ROSN,60,20210204,110000,490.7000000
ROSN,60,20210204,120000,493.5500000
ROSN,60,20210204,130000,491.3500000
ROSN,60,20210204,140000,492.0000000
ROSN,60,20210204,150000,488.3500000
ROSN,60,20210204,160000,489.4500000
ROSN,60,20210204,170000,490.0500000
ROSN,60,20210204,180000,488.0000000
ROSN,60,20210204,190000,485.7500000
ROSN,60,20210204,200000,486.9500000
ROSN,60,20210204,210000,487.4000000
ROSN,60,20210204,220000,488.8000000
ROSN,60,20210204,230000,487.6000000
ROSN,60,20210205,000000,489.2000000
ROSN,60,20210205,110000,492.5500000
ROSN,60,20210205,120000,495.2500000
ROSN,60,20210205,130000,495.2500000
ROSN,60,20210205,140000,493.4500000
ROSN,60,20210205,150000,493.3500000
ROSN,60,20210205,160000,493.6500000
ROSN,60,20210205,170000,492.5500000
ROSN,60,20210205,180000,492.5000000
ROSN,60,20210205,190000,492.8500000
ROSN,60,20210205,200000,492.4000000
ROSN,60,20210205,210000,493.2500000
ROSN,60,20210205,220000,493.2000000
ROSN,60,20210205,230000,493.5000000
ROSN,60,20210206,000000,493.9500000
ROSN,60,20210208,110000,501.9500000
ROSN,60,20210208,120000,499.4000000
ROSN,60,20210208,130000,498.8500000
ROSN,60,20210208,140000,499.3000000
ROSN,60,20210208,150000,499.6000000
ROSN,60,20210208,160000,500.0000000
ROSN,60,20210208,170000,501.7500000
ROSN,60,20210208,180000,500.1500000
ROSN,60,20210208,190000,497.7000000
ROSN,60,20210208,200000,499.5000000
ROSN,60,20210208,210000,500.0000000
ROSN,60,20210208,220000,500.0000000
ROSN,60,20210208,230000,500.6000000
ROSN,60,20210209,000000,501.7500000
ROSN,60,20210209,110000,500.9000000
ROSN,60,20210209,120000,497.1000000
ROSN,60,20210209,130000,496.7000000
ROSN,60,20210209,140000,495.1500000
ROSN,60,20210209,150000,495.8500000
ROSN,60,20210209,160000,497.2500000
ROSN,60,20210209,170000,496.5500000
ROSN,60,20210209,180000,494.6500000
ROSN,60,20210209,190000,494.8500000
ROSN,60,20210209,200000,493.5000000
ROSN,60,20210209,210000,494.7000000
ROSN,60,20210209,220000,494.0500000
ROSN,60,20210209,230000,494.3500000
ROSN,60,20210210,000000,494.8000000
ROSN,60,20210210,110000,495.5000000
ROSN,60,20210210,120000,491.2000000
ROSN,60,20210210,130000,494.1000000
ROSN,60,20210210,140000,493.1000000
ROSN,60,20210210,150000,493.9000000
ROSN,60,20210210,160000,494.0000000
ROSN,60,20210210,170000,496.8000000
ROSN,60,20210210,180000,494.5500000
ROSN,60,20210210,190000,490.8500000
ROSN,60,20210210,200000,493.3000000
ROSN,60,20210210,210000,492.1000000
ROSN,60,20210210,220000,492.4000000
ROSN,60,20210210,230000,493.1000000
ROSN,60,20210211,000000,491.4500000
ROSN,60,20210211,110000,489.1500000
ROSN,60,20210211,120000,494.4500000
ROSN,60,20210211,130000,496.7500000
ROSN,60,20210211,140000,496.8000000
ROSN,60,20210211,150000,494.5000000
ROSN,60,20210211,160000,494.2500000
ROSN,60,20210211,170000,495.4000000
ROSN,60,20210211,180000,499.8500000
ROSN,60,20210211,190000,501.0000000
ROSN,60,20210211,200000,499.0000000
ROSN,60,20210211,210000,496.6000000
ROSN,60,20210211,220000,497.9500000
ROSN,60,20210211,230000,496.6000000
ROSN,60,20210212,000000,496.8000000
ROSN,60,20210212,110000,496.2000000
ROSN,60,20210212,120000,489.9000000
ROSN,60,20210212,130000,494.0500000
ROSN,60,20210212,140000,496.4500000
ROSN,60,20210212,150000,498.9000000
ROSN,60,20210212,160000,498.8000000
ROSN,60,20210212,170000,502.7000000
ROSN,60,20210212,180000,502.3500000
ROSN,60,20210212,190000,504.1500000
ROSN,60,20210212,200000,505.2500000
ROSN,60,20210212,210000,506.1000000
ROSN,60,20210212,220000,506.1000000
ROSN,60,20210212,230000,505.7000000
ROSN,60,20210213,000000,509.3500000
ROSN,60,20210215,110000,511.4000000
ROSN,60,20210215,120000,510.4000000
ROSN,60,20210215,130000,509.9000000
ROSN,60,20210215,140000,509.6500000
ROSN,60,20210215,150000,512.5500000
ROSN,60,20210215,160000,513.1000000
ROSN,60,20210215,170000,513.6000000
ROSN,60,20210215,180000,513.4000000
ROSN,60,20210215,190000,518.1500000
ROSN,60,20210215,200000,519.3000000
ROSN,60,20210215,210000,519.9000000
ROSN,60,20210215,220000,520.2000000
ROSN,60,20210215,230000,520.8500000
ROSN,60,20210216,000000,521.4500000
ROSN,60,20210216,110000,521.5500000
ROSN,60,20210216,120000,525.4000000
ROSN,60,20210216,130000,524.6000000
ROSN,60,20210216,140000,524.0000000
ROSN,60,20210216,150000,524.8000000
ROSN,60,20210216,160000,525.9500000
ROSN,60,20210216,170000,526.7000000
ROSN,60,20210216,180000,526.0500000
ROSN,60,20210216,190000,528.1000000
ROSN,60,20210216,200000,524.9000000
ROSN,60,20210216,210000,526.0000000
ROSN,60,20210216,220000,526.1000000
ROSN,60,20210216,230000,527.5000000
ROSN,60,20210217,000000,525.6000000
ROSN,60,20210217,110000,526.9500000
ROSN,60,20210217,120000,521.6500000
ROSN,60,20210217,130000,521.2500000
ROSN,60,20210217,140000,519.2000000
ROSN,60,20210217,150000,520.0000000
ROSN,60,20210217,160000,521.3000000
ROSN,60,20210217,170000,518.6000000
ROSN,60,20210217,180000,508.2500000
ROSN,60,20210217,190000,507.2000000
ROSN,60,20210217,200000,506.1000000
ROSN,60,20210217,210000,511.0000000
ROSN,60,20210217,220000,513.6500000
ROSN,60,20210217,230000,514.7500000
ROSN,60,20210218,000000,515.1500000
ROSN,60,20210218,110000,509.2500000
ROSN,60,20210218,120000,513.1500000
ROSN,60,20210218,130000,513.1500000
ROSN,60,20210218,140000,510.4500000
ROSN,60,20210218,150000,512.2500000
ROSN,60,20210218,160000,514.5000000
ROSN,60,20210218,170000,510.0000000
ROSN,60,20210218,180000,508.4500000
ROSN,60,20210218,190000,508.0000000
ROSN,60,20210218,200000,507.4000000
ROSN,60,20210218,210000,507.9500000
ROSN,60,20210218,220000,507.2500000
ROSN,60,20210218,230000,507.3000000
ROSN,60,20210219,000000,506.8500000
ROSN,60,20210219,110000,508.8500000
ROSN,60,20210219,120000,509.8000000
ROSN,60,20210219,130000,512.6000000
ROSN,60,20210219,140000,509.0000000
ROSN,60,20210219,150000,509.2500000
ROSN,60,20210219,160000,512.1000000
ROSN,60,20210219,170000,511.0500000
ROSN,60,20210219,180000,513.5000000
ROSN,60,20210219,190000,514.1000000
ROSN,60,20210219,200000,512.8000000
ROSN,60,20210219,210000,510.2500000
ROSN,60,20210219,220000,511.6500000
ROSN,60,20210219,230000,511.1000000
ROSN,60,20210220,000000,512.7500000
ROSN,60,20210220,110000,510.9000000
ROSN,60,20210220,120000,511.7000000
ROSN,60,20210220,130000,513.2000000
ROSN,60,20210220,140000,512.2500000
ROSN,60,20210220,150000,511.4500000
ROSN,60,20210220,160000,511.1000000
ROSN,60,20210220,170000,511.9000000
ROSN,60,20210220,180000,513.5000000
ROSN,60,20210220,190000,513.2500000
ROSN,60,20210220,200000,512.9500000
ROSN,60,20210220,210000,513.2000000
ROSN,60,20210220,220000,512.6000000
ROSN,60,20210220,230000,512.5500000
ROSN,60,20210221,000000,513.1500000
ROSN,60,20210222,110000,510.8000000
ROSN,60,20210222,120000,511.0000000
ROSN,60,20210222,130000,514.0000000
ROSN,60,20210222,140000,514.1000000
ROSN,60,20210222,150000,512.6000000
ROSN,60,20210222,160000,513.6000000
ROSN,60,20210222,170000,515.4500000
ROSN,60,20210222,180000,514.9000000
ROSN,60,20210222,190000,511.3500000
ROSN,60,20210222,200000,514.4000000
ROSN,60,20210222,210000,515.2000000
ROSN,60,20210222,220000,517.0000000
ROSN,60,20210222,230000,515.9000000
ROSN,60,20210223,000000,516.0000000
ROSN,60,20210224,110000,514.7500000
ROSN,60,20210224,120000,515.9000000
ROSN,60,20210224,130000,516.7000000
ROSN,60,20210224,140000,516.9000000
ROSN,60,20210224,150000,517.3000000
ROSN,60,20210224,160000,515.5000000
ROSN,60,20210224,170000,512.7000000
ROSN,60,20210224,180000,513.8500000
ROSN,60,20210224,190000,516.8000000
ROSN,60,20210224,200000,515.9000000
ROSN,60,20210224,210000,516.5000000
ROSN,60,20210224,220000,517.3000000
ROSN,60,20210224,230000,517.3000000
ROSN,60,20210225,000000,518.2500000
ROSN,60,20210225,110000,521.0000000
ROSN,60,20210225,120000,518.5500000
ROSN,60,20210225,130000,520.9500000
ROSN,60,20210225,140000,522.0000000
ROSN,60,20210225,150000,522.3000000
ROSN,60,20210225,160000,528.6500000
ROSN,60,20210225,170000,531.7000000
ROSN,60,20210225,180000,533.9000000
ROSN,60,20210225,190000,534.8000000
ROSN,60,20210225,200000,531.2000000
ROSN,60,20210225,210000,528.7500000
ROSN,60,20210225,220000,529.3500000
ROSN,60,20210225,230000,529.8000000
ROSN,60,20210226,000000,529.3500000
ROSN,60,20210226,110000,525.5500000
ROSN,60,20210226,120000,529.9000000
ROSN,60,20210226,130000,527.9000000
ROSN,60,20210226,140000,526.9500000
ROSN,60,20210226,150000,526.0000000
ROSN,60,20210226,160000,528.6500000
ROSN,60,20210226,170000,527.0000000
ROSN,60,20210226,180000,525.5000000
ROSN,60,20210226,190000,525.9000000
ROSN,60,20210226,200000,523.3500000
ROSN,60,20210226,210000,523.1000000
ROSN,60,20210226,220000,523.3500000
ROSN,60,20210226,230000,523.6000000
ROSN,60,20210227,000000,523.3500000
